=== Supply Voltage State Analysis Results ===

State Voltage Characteristics:
ON:        Median = 62313, StdDev = 468.7
LID_OPEN:  Median = 4487, StdDev = 64.0
OFF:       Median = 3202, StdDev = 100.0

Recommended Threshold Values:
ON vs LID_OPEN: 33400
LID_OPEN vs OFF: 3844

Raw Data:
ON voltages: 62827, 62827, 62313, 62570, 61542, 62313, 62056, 61799, 62313, 62570, 62313, 62313, 61542, 61542, 61542, 62827, 61542, 61542, 62827, 62313, 62827, 61542, 62313, 62570, 61542, 61542, 62313, 61799, 62313, 61542, 62570, 62827, 61799, 62827, 62056, 62570, 61542, 62056, 61799, 62827, 62313, 62570, 61542, 61799, 62313, 62313, 62313, 61542, 62313
LID_OPEN voltages: 4487, 4487, 4487, 4487, 4487, 4487, 4487, 4487, 4487, 4487, 4487, 4487, 4744, 4487, 4487, 4744, 4487, 4487, 4487, 4487, 4487, 4487, 4487, 4487, 4487, 4487, 4487, 4487, 4487, 4487, 4487, 4487, 4487, 4487, 4487, 4487, 4487, 4487, 4487, 4487, 4487, 4487, 4487, 4487, 4487, 4230, 4487, 4487, 4487
OFF voltages: 3459, 3202, 3202, 3459, 3202, 3459, 3459, 3459, 3202, 3202, 3202, 3202, 3202, 3202, 3459, 3202, 3459, 3202, 3202, 3202, 3202, 3202, 3202, 3202, 3202, 3202, 3202, 3202, 3202, 3202, 3202, 3202, 3202, 3202, 3202, 3202, 3202, 3202, 3202, 2945, 3202, 3202, 3202, 3202, 3202, 3202, 3202, 3202, 3202
